0.000000	0.000000	0.000000	10000000.000000
0.000000	0.000000	0.100000	-14879.261628
0.000000	0.000000	0.200000	-14948.559614
0.000000	0.000000	0.300000	-14891.836025
0.000000	0.000000	0.400000	-14817.658781
0.000000	0.000000	0.500000	-14769.416977
0.000000	0.000000	0.600000	-14767.166123
0.000000	0.000000	0.700000	-14796.902352
0.000000	0.000000	0.800000	-14819.070522
0.000000	0.000000	0.900000	-14746.609701
0.000000	0.000000	1.000000	10000000.000000

0.000000	0.100000	0.000000	10000000.000000
0.000000	0.100000	0.100000	-14854.606558
0.000000	0.100000	0.200000	-14936.300897
0.000000	0.100000	0.300000	-14894.459826
0.000000	0.100000	0.400000	-14830.701957
0.000000	0.100000	0.500000	-14788.611244
0.000000	0.100000	0.600000	-14784.281723
0.000000	0.100000	0.700000	-14805.861016
0.000000	0.100000	0.800000	-14817.835250
0.000000	0.100000	0.900000	-14731.081059
0.000000	0.100000	1.000000	10000000.000000

0.000000	0.200000	0.000000	10000000.000000
0.000000	0.200000	0.100000	-14830.470452
0.000000	0.200000	0.200000	-14924.085554
0.000000	0.200000	0.300000	-14896.126700
0.000000	0.200000	0.400000	-14841.263023
0.000000	0.200000	0.500000	-14803.694410
0.000000	0.200000	0.600000	-14797.765736
0.000000	0.200000	0.700000	-14813.042402
0.000000	0.200000	0.800000	-14815.218857
0.000000	0.200000	0.900000	-14715.284699
0.000000	0.200000	1.000000	10000000.000000

0.000000	0.300000	0.000000	10000000.000000
0.000000	0.300000	0.100000	-14806.348486
0.000000	0.300000	0.200000	-14912.011412
0.000000	0.300000	0.300000	-14896.940733
0.000000	0.300000	0.400000	-14849.691280
0.000000	0.300000	0.500000	-14815.900309
0.000000	0.300000	0.600000	-14808.720552
0.000000	0.300000	0.700000	-14818.689501
0.000000	0.300000	0.800000	-14811.451049
0.000000	0.300000	0.900000	-14698.871864
0.000000	0.300000	1.000000	10000000.000000

0.000000	0.400000	0.000000	10000000.000000
0.000000	0.400000	0.100000	-14781.792453
0.000000	0.400000	0.200000	-14900.167735
0.000000	0.400000	0.300000	-14897.021208
0.000000	0.400000	0.400000	-14856.316729
0.000000	0.400000	0.500000	-14825.832669
0.000000	0.400000	0.600000	-14817.605216
0.000000	0.400000	0.700000	-14823.032837
0.000000	0.400000	0.800000	-14806.802770
0.000000	0.400000	0.900000	-14681.533933
0.000000	0.400000	1.000000	10000000.000000

0.000000	0.500000	0.000000	10000000.000000
0.000000	0.500000	0.100000	-14756.386280
0.000000	0.500000	0.200000	-14888.624565
0.000000	0.500000	0.300000	-14896.260448
0.000000	0.500000	0.400000	-14861.431285
0.000000	0.500000	0.500000	-14833.844206
0.000000	0.500000	0.600000	-14824.742164
0.000000	0.500000	0.700000	-14826.277839
0.000000	0.500000	0.800000	-14801.519579
0.000000	0.500000	0.900000	-14662.977286
0.000000	0.500000	1.000000	10000000.000000

0.000000	0.600000	0.000000	10000000.000000
0.000000	0.600000	0.100000	-14729.733086
0.000000	0.600000	0.200000	-14877.431870
0.000000	0.600000	0.300000	-14894.010954
0.000000	0.600000	0.400000	-14865.284806
0.000000	0.600000	0.500000	-14840.241646
0.000000	0.600000	0.600000	-14830.410389
0.000000	0.600000	0.700000	-14828.434331
0.000000	0.600000	0.800000	-14795.804203
0.000000	0.600000	0.900000	-14642.909244
0.000000	0.600000	1.000000	10000000.000000

0.000000	0.700000	0.000000	10000000.000000
0.000000	0.700000	0.100000	-14701.452391
0.000000	0.700000	0.200000	-14866.622087
0.000000	0.700000	0.300000	-14890.511547
0.000000	0.700000	0.400000	-14868.087615
0.000000	0.700000	0.500000	-14845.285671
0.000000	0.700000	0.600000	-14834.846519
0.000000	0.700000	0.700000	-14829.062046
0.000000	0.700000	0.800000	-14789.816698
0.000000	0.700000	0.900000	-14621.032269
0.000000	0.700000	1.000000	10000000.000000

0.000000	0.800000	0.000000	10000000.000000
0.000000	0.800000	0.100000	-14671.186161
0.000000	0.800000	0.200000	-14856.213558
0.000000	0.800000	0.300000	-14886.060189
0.000000	0.800000	0.400000	-14870.015276
0.000000	0.800000	0.500000	-14849.195158
0.000000	0.800000	0.600000	-14838.249258
0.000000	0.800000	0.700000	-14828.346915
0.000000	0.800000	0.800000	-14783.680244
0.000000	0.800000	0.900000	-14597.045959
0.000000	0.800000	1.000000	10000000.000000

0.000000	0.900000	0.000000	10000000.000000
0.000000	0.900000	0.100000	-14638.612274
0.000000	0.900000	0.200000	-14846.213825
0.000000	0.900000	0.300000	-14880.905546
0.000000	0.900000	0.400000	-14871.036275
0.000000	0.900000	0.500000	-14852.152903
0.000000	0.900000	0.600000	-14840.776375
0.000000	0.900000	0.700000	-14826.547685
0.000000	0.900000	0.800000	-14777.488098
0.000000	0.900000	0.900000	-14570.656279
0.000000	0.900000	1.000000	10000000.000000

0.000000	1.000000	0.000000	10000000.000000
0.000000	1.000000	0.100000	-14603.461560
0.000000	1.000000	0.200000	-14836.622454
0.000000	1.000000	0.300000	-14875.247201
0.000000	1.000000	0.400000	-14870.737834
0.000000	1.000000	0.500000	-14854.305320
0.000000	1.000000	0.600000	-14842.126666
0.000000	1.000000	0.700000	-14823.897236
0.000000	1.000000	0.800000	-14771.303783
0.000000	1.000000	0.900000	-14541.591025
0.000000	1.000000	1.000000	10000000.000000

0.100000	0.000000	0.000000	10000000.000000
0.100000	0.000000	0.100000	-15000.712127
0.100000	0.000000	0.200000	-15140.346079
0.100000	0.000000	0.300000	-15117.118234
0.100000	0.000000	0.400000	-15051.421075
0.100000	0.000000	0.500000	-15004.265523
0.100000	0.000000	0.600000	-14993.909328
0.100000	0.000000	0.700000	-15007.696376
0.100000	0.000000	0.800000	-15002.281441
0.100000	0.000000	0.900000	-14858.921764
0.100000	0.000000	1.000000	10000000.000000

0.100000	0.100000	0.000000	10000000.000000
0.100000	0.100000	0.100000	-14948.127659
0.100000	0.100000	0.200000	-15118.521163
0.100000	0.100000	0.300000	-15112.500764
0.100000	0.100000	0.400000	-15056.630330
0.100000	0.100000	0.500000	-15014.511395
0.100000	0.100000	0.600000	-15002.798775
0.100000	0.100000	0.700000	-15009.955384
0.100000	0.100000	0.800000	-14991.807905
0.100000	0.100000	0.900000	-14819.637469
0.100000	0.100000	1.000000	10000000.000000

0.100000	0.200000	0.000000	10000000.000000
0.100000	0.200000	0.100000	-14887.509844
0.100000	0.200000	0.200000	-15097.999317
0.100000	0.200000	0.300000	-15107.666442
0.100000	0.200000	0.400000	-15060.423634
0.100000	0.200000	0.500000	-15022.704260
0.100000	0.200000	0.600000	-15009.833589
0.100000	0.200000	0.700000	-15011.248915
0.100000	0.200000	0.800000	-14980.977807
0.100000	0.200000	0.900000	-14773.703258
0.100000	0.200000	1.000000	10000000.000000

0.100000	0.300000	0.000000	10000000.000000
0.100000	0.300000	0.100000	-14815.613629
0.100000	0.300000	0.200000	-15078.637532
0.100000	0.300000	0.300000	-15101.289831
0.100000	0.300000	0.400000	-15062.921799
0.100000	0.300000	0.500000	-15029.049558
0.100000	0.300000	0.600000	-15015.195377
0.100000	0.300000	0.700000	-15011.623192
0.100000	0.300000	0.800000	-14969.944625
0.100000	0.300000	0.900000	-14718.186671
0.100000	0.300000	1.000000	10000000.000000

0.100000	0.400000	0.000000	10000000.000000
0.100000	0.400000	0.100000	-14729.241186
0.100000	0.400000	0.200000	-15060.336614
0.100000	0.400000	0.300000	-15093.426496
0.100000	0.400000	0.400000	-15064.276855
0.100000	0.400000	0.500000	-15033.777521
0.100000	0.400000	0.600000	-15019.089096
0.100000	0.400000	0.700000	-15010.398607
0.100000	0.400000	0.800000	-14958.852955
0.100000	0.400000	0.900000	-14649.725529
0.100000	0.400000	1.000000	10000000.000000

0.100000	0.500000	0.000000	10000000.000000
0.100000	0.500000	0.100000	-14625.639666
0.100000	0.500000	0.200000	-15043.020069
0.100000	0.500000	0.300000	-15084.484413
0.100000	0.500000	0.400000	-15064.643049
0.100000	0.500000	0.500000	-15037.111377
0.100000	0.500000	0.600000	-15021.714468
0.100000	0.500000	0.700000	-15007.359377
0.100000	0.500000	0.800000	-14947.823018
0.100000	0.500000	0.900000	-14564.868296
0.100000	0.500000	1.000000	10000000.000000

0.100000	0.600000	0.000000	10000000.000000
0.100000	0.600000	0.100000	-14502.541952
0.100000	0.600000	0.200000	-15026.595490
0.100000	0.600000	0.300000	-15074.799150
0.100000	0.600000	0.400000	-15063.968928
0.100000	0.600000	0.500000	-15039.254060
0.100000	0.600000	0.600000	-15023.253789
0.100000	0.600000	0.700000	-15002.871371
0.100000	0.600000	0.800000	-14936.591082
0.100000	0.600000	0.900000	-14460.433410
0.100000	0.600000	1.000000	10000000.000000

0.100000	0.700000	0.000000	10000000.000000
0.100000	0.700000	0.100000	-14357.510025
0.100000	0.700000	0.200000	-15010.076398
0.100000	0.700000	0.300000	-15064.634919
0.100000	0.700000	0.400000	-15061.505340
0.100000	0.700000	0.500000	-15040.383328
0.100000	0.700000	0.600000	-15023.400017
0.100000	0.700000	0.700000	-14997.276186
0.100000	0.700000	0.800000	-14924.551582
0.100000	0.700000	0.900000	-14333.365330
0.100000	0.700000	1.000000	10000000.000000

0.100000	0.800000	0.000000	10000000.000000
0.100000	0.800000	0.100000	-14186.282388
0.100000	0.800000	0.200000	-14992.840944
0.100000	0.800000	0.300000	-15054.195241
0.100000	0.800000	0.400000	-15057.493915
0.100000	0.800000	0.500000	-15040.075222
0.100000	0.800000	0.600000	-15021.782363
0.100000	0.800000	0.700000	-14990.862283
0.100000	0.800000	0.800000	-14911.561110
0.100000	0.800000	0.900000	-14179.517310
0.100000	0.800000	1.000000	10000000.000000

0.100000	0.900000	0.000000	10000000.000000
0.100000	0.900000	0.100000	-13978.869182
0.100000	0.900000	0.200000	-14974.653913
0.100000	0.900000	0.300000	-15043.634655
0.100000	0.900000	0.400000	-15052.286123
0.100000	0.900000	0.500000	-15038.092499
0.100000	0.900000	0.600000	-15018.729323
0.100000	0.900000	0.700000	-14983.863015
0.100000	0.900000	0.800000	-14897.454147
0.100000	0.900000	0.900000	-13990.331985
0.100000	0.900000	1.000000	10000000.000000

0.100000	1.000000	0.000000	10000000.000000
0.100000	1.000000	0.100000	-13704.915246
0.100000	1.000000	0.200000	-14955.243868
0.100000	1.000000	0.300000	-15033.069218
0.100000	1.000000	0.400000	-15046.176755
0.100000	1.000000	0.500000	-15034.761290
0.100000	1.000000	0.600000	-15014.547643
0.100000	1.000000	0.700000	-14976.463207
0.100000	1.000000	0.800000	-14882.028084
0.100000	1.000000	0.900000	-13741.530755
0.100000	1.000000	1.000000	10000000.000000

0.200000	0.000000	0.000000	10000000.000000
0.200000	0.000000	0.100000	-14990.223970
0.200000	0.000000	0.200000	-15277.333654
0.200000	0.000000	0.300000	-15296.296229
0.200000	0.000000	0.400000	-15240.740845
0.200000	0.000000	0.500000	-15194.240465
0.200000	0.000000	0.600000	-15176.154427
0.200000	0.000000	0.700000	-15174.799073
0.200000	0.000000	0.800000	-15136.024967
0.200000	0.000000	0.900000	-14877.708997
0.200000	0.000000	1.000000	10000000.000000

0.200000	0.100000	0.000000	10000000.000000
0.200000	0.100000	0.100000	-14849.044132
0.200000	0.100000	0.200000	-15248.911291
0.200000	0.100000	0.300000	-15282.126773
0.200000	0.100000	0.400000	-15238.797867
0.200000	0.100000	0.500000	-15197.131971
0.200000	0.100000	0.600000	-15178.147233
0.200000	0.100000	0.700000	-15170.855836
0.200000	0.100000	0.800000	-15118.085064
0.200000	0.100000	0.900000	-14772.076324
0.200000	0.100000	1.000000	10000000.000000

0.200000	0.200000	0.000000	10000000.000000
0.200000	0.200000	0.100000	-14664.192203
0.200000	0.200000	0.200000	-15222.513576
0.200000	0.200000	0.300000	-15267.208248
0.200000	0.200000	0.400000	-15236.348271
0.200000	0.200000	0.500000	-15198.946462
0.200000	0.200000	0.600000	-15179.170426
0.200000	0.200000	0.700000	-15165.240496
0.200000	0.200000	0.800000	-15100.723572
0.200000	0.200000	0.900000	-14627.361867
0.200000	0.200000	1.000000	10000000.000000

0.200000	0.300000	0.000000	10000000.000000
0.200000	0.300000	0.100000	-14423.650475
0.200000	0.300000	0.200000	-15197.877470
0.200000	0.300000	0.300000	-15251.801413
0.200000	0.300000	0.400000	-15233.309034
0.200000	0.300000	0.500000	-15199.687893
0.200000	0.300000	0.600000	-15179.215604
0.200000	0.300000	0.700000	-15157.876543
0.200000	0.300000	0.800000	-15083.809066
0.200000	0.300000	0.900000	-14429.539571
0.200000	0.300000	1.000000	10000000.000000

0.200000	0.400000	0.000000	10000000.000000
0.200000	0.400000	0.100000	-14099.514939
0.200000	0.400000	0.200000	-15173.763802
0.200000	0.400000	0.300000	-15236.138189
0.200000	0.400000	0.400000	-15228.592129
0.200000	0.400000	0.500000	-15199.424709
0.200000	0.400000	0.600000	-15178.249390
0.200000	0.400000	0.700000	-15149.152423
0.200000	0.400000	0.800000	-15065.958522
0.200000	0.400000	0.900000	-14155.420602
0.200000	0.400000	1.000000	10000000.000000

0.200000	0.500000	0.000000	10000000.000000
0.200000	0.500000	0.100000	10000000.000000
0.200000	0.500000	0.200000	-15148.024518
0.200000	0.500000	0.300000	-15220.409025
0.200000	0.500000	0.400000	-15221.870794
0.200000	0.500000	0.500000	-15198.003180
0.200000	0.500000	0.600000	-15175.273928
0.200000	0.500000	0.700000	-15139.424456
0.200000	0.500000	0.800000	-15046.393710
0.200000	0.500000	0.900000	-13715.561285
0.200000	0.500000	1.000000	10000000.000000

0.200000	0.600000	0.000000	10000000.000000
0.200000	0.600000	0.100000	10000000.000000
0.200000	0.600000	0.200000	-15119.860903
0.200000	0.600000	0.300000	-15204.763028
0.200000	0.600000	0.400000	-15213.628104
0.200000	0.600000	0.500000	-15194.455734
0.200000	0.600000	0.600000	-15170.343101
0.200000	0.600000	0.700000	-15128.992442
0.200000	0.600000	0.800000	-15024.533685
0.200000	0.600000	0.900000	10000000.000000
0.200000	0.600000	1.000000	10000000.000000

0.200000	0.700000	0.000000	10000000.000000
0.200000	0.700000	0.100000	10000000.000000
0.200000	0.700000	0.200000	-15088.272466
0.200000	0.700000	0.300000	-15189.313423
0.200000	0.700000	0.400000	-15204.268543
0.200000	0.700000	0.500000	-15189.075967
0.200000	0.700000	0.600000	-15163.890184
0.200000	0.700000	0.700000	-15118.098316
0.200000	0.700000	0.800000	-14999.620096
0.200000	0.700000	0.900000	10000000.000000
0.200000	0.700000	1.000000	10000000.000000

0.200000	0.800000	0.000000	10000000.000000
0.200000	0.800000	0.100000	10000000.000000
0.200000	0.800000	0.200000	-15051.955608
0.200000	0.800000	0.300000	-15174.143672
0.200000	0.800000	0.400000	-15194.116714
0.200000	0.800000	0.500000	-15182.286415
0.200000	0.800000	0.600000	-15156.287679
0.200000	0.800000	0.700000	-15106.932823
0.200000	0.800000	0.800000	-14970.642558
0.200000	0.800000	0.900000	10000000.000000
0.200000	0.800000	1.000000	10000000.000000

0.200000	0.900000	0.000000	10000000.000000
0.200000	0.900000	0.100000	10000000.000000
0.200000	0.900000	0.200000	-15009.238993
0.200000	0.900000	0.300000	-15159.313642
0.200000	0.900000	0.400000	-15183.427902
0.200000	0.900000	0.500000	-15174.439520
0.200000	0.900000	0.600000	-15147.840335
0.200000	0.900000	0.700000	-15095.644031
0.200000	0.900000	0.800000	-14936.255312
0.200000	0.900000	0.900000	10000000.000000
0.200000	0.900000	1.000000	10000000.000000

0.200000	1.000000	0.000000	10000000.000000
0.200000	1.000000	0.100000	10000000.000000
0.200000	1.000000	0.200000	-14958.074654
0.200000	1.000000	0.300000	-15144.850424
0.200000	1.000000	0.400000	-15172.400595
0.200000	1.000000	0.500000	-15165.819680
0.200000	1.000000	0.600000	-15138.791817
0.200000	1.000000	0.700000	-15084.247375
0.200000	1.000000	0.800000	-14894.706036
0.200000	1.000000	0.900000	10000000.000000
0.200000	1.000000	1.000000	10000000.000000

0.300000	0.000000	0.000000	10000000.000000
0.300000	0.000000	0.100000	-14745.270680
0.300000	0.000000	0.200000	-15384.650053
0.300000	0.000000	0.300000	-15437.559964
0.300000	0.000000	0.400000	-15405.828841
0.300000	0.000000	0.500000	-15360.317267
0.300000	0.000000	0.600000	-15334.839040
0.300000	0.000000	0.700000	-15316.085456
0.300000	0.000000	0.800000	-15243.330315
0.300000	0.000000	0.900000	-14749.034961
0.300000	0.000000	1.000000	10000000.000000

0.300000	0.100000	0.000000	10000000.000000
0.300000	0.100000	0.100000	-14394.252703
0.300000	0.100000	0.200000	-15352.102955
0.300000	0.100000	0.300000	-15414.377828
0.300000	0.100000	0.400000	-15397.105091
0.300000	0.100000	0.500000	-15356.700185
0.300000	0.100000	0.600000	-15330.712953
0.300000	0.100000	0.700000	-15303.103857
0.300000	0.100000	0.800000	-15219.948514
0.300000	0.100000	0.900000	-14478.608232
0.300000	0.100000	1.000000	10000000.000000

0.300000	0.200000	0.000000	10000000.000000
0.300000	0.200000	0.100000	10000000.000000
0.300000	0.200000	0.200000	-15320.501906
0.300000	0.200000	0.300000	-15391.827048
0.300000	0.200000	0.400000	-15386.538024
0.300000	0.200000	0.500000	-15352.776359
0.300000	0.200000	0.600000	-15325.814655
0.300000	0.200000	0.700000	-15289.306310
0.300000	0.200000	0.800000	-15196.148275
0.300000	0.200000	0.900000	-14051.903422
0.300000	0.200000	1.000000	10000000.000000

0.300000	0.300000	0.000000	10000000.000000
0.300000	0.300000	0.100000	10000000.000000
0.300000	0.300000	0.200000	-15285.836413
0.300000	0.300000	0.300000	-15369.891244
0.300000	0.300000	0.400000	-15374.435819
0.300000	0.300000	0.500000	-15347.333080
0.300000	0.300000	0.600000	-15318.758364
0.300000	0.300000	0.700000	-15274.893943
0.300000	0.300000	0.800000	-15169.765173
0.300000	0.300000	0.900000	10000000.000000
0.300000	0.300000	1.000000	10000000.000000

0.300000	0.400000	0.000000	10000000.000000
0.300000	0.400000	0.100000	10000000.000000
0.300000	0.400000	0.200000	-15246.158904
0.300000	0.400000	0.300000	-15348.579046
0.300000	0.400000	0.400000	-15361.194149
0.300000	0.400000	0.500000	-15339.685465
0.300000	0.400000	0.600000	-15309.881559
0.300000	0.400000	0.700000	-15260.072792
0.300000	0.400000	0.800000	-15139.496399
0.300000	0.400000	0.900000	10000000.000000
0.300000	0.400000	1.000000	10000000.000000

0.300000	0.500000	0.000000	10000000.000000
0.300000	0.500000	0.100000	10000000.000000
0.300000	0.500000	0.200000	-15198.875046
0.300000	0.500000	0.300000	-15327.905168
0.300000	0.500000	0.400000	-15347.153650
0.300000	0.500000	0.500000	-15330.325737
0.300000	0.500000	0.600000	-15299.609913
0.300000	0.500000	0.700000	-15245.027657
0.300000	0.500000	0.800000	-15103.507516
0.300000	0.500000	0.900000	10000000.000000
0.300000	0.500000	1.000000	10000000.000000

0.300000	0.600000	0.000000	10000000.000000
0.300000	0.600000	0.100000	10000000.000000
0.300000	0.600000	0.200000	-15140.409269
0.300000	0.600000	0.300000	-15307.882114
0.300000	0.600000	0.400000	-15332.593133
0.300000	0.600000	0.500000	-15319.682988
0.300000	0.600000	0.600000	-15288.309805
0.300000	0.600000	0.700000	-15229.913562
0.300000	0.600000	0.800000	-15059.156629
0.300000	0.600000	0.900000	10000000.000000
0.300000	0.600000	1.000000	10000000.000000

0.300000	0.700000	0.000000	10000000.000000
0.300000	0.700000	0.100000	10000000.000000
0.300000	0.700000	0.200000	-15066.171855
0.300000	0.700000	0.300000	-15288.516815
0.300000	0.700000	0.400000	-15317.734315
0.300000	0.700000	0.500000	-15308.111159
0.300000	0.700000	0.600000	-15276.282647
0.300000	0.700000	0.700000	-15214.855490
0.300000	0.700000	0.800000	-15002.711232
0.300000	0.700000	0.900000	10000000.000000
0.300000	0.700000	1.000000	10000000.000000

0.300000	0.800000	0.000000	10000000.000000
0.300000	0.800000	0.100000	10000000.000000
0.300000	0.800000	0.200000	-14970.862861
0.300000	0.800000	0.300000	-15269.291893
0.300000	0.800000	0.400000	-15302.750380
0.300000	0.800000	0.500000	-15295.894371
0.300000	0.800000	0.600000	-15263.770307
0.300000	0.800000	0.700000	-15199.354102
0.300000	0.800000	0.800000	-14929.216134
0.300000	0.800000	0.900000	10000000.000000
0.300000	0.800000	1.000000	10000000.000000

0.300000	0.900000	0.000000	10000000.000000
0.300000	0.900000	0.100000	10000000.000000
0.300000	0.900000	0.200000	-14848.938328
0.300000	0.900000	0.300000	-15248.363539
0.300000	0.900000	0.400000	-15287.774735
0.300000	0.900000	0.500000	-15283.257061
0.300000	0.900000	0.600000	-15250.963877
0.300000	0.900000	0.700000	-15182.127363
0.300000	0.900000	0.800000	-14832.696969
0.300000	0.900000	0.900000	10000000.000000
0.300000	0.900000	1.000000	10000000.000000

0.300000	1.000000	0.000000	10000000.000000
0.300000	1.000000	0.100000	10000000.000000
0.300000	1.000000	0.200000	-14694.537966
0.300000	1.000000	0.300000	-15225.036049
0.300000	1.000000	0.400000	-15272.908980
0.300000	1.000000	0.500000	-15270.374891
0.300000	1.000000	0.600000	-15238.012796
0.300000	1.000000	0.700000	-15162.691365
0.300000	1.000000	0.800000	-14706.519743
0.300000	1.000000	0.900000	10000000.000000
0.300000	1.000000	1.000000	10000000.000000

0.400000	0.000000	0.000000	10000000.000000
0.400000	0.000000	0.100000	-14095.696647
0.400000	0.000000	0.200000	-15471.407610
0.400000	0.000000	0.300000	-15547.500956
0.400000	0.000000	0.400000	-15545.698647
0.400000	0.000000	0.500000	-15508.906627
0.400000	0.000000	0.600000	-15475.301750
0.400000	0.000000	0.700000	-15431.133070
0.400000	0.000000	0.800000	-15333.176460
0.400000	0.000000	0.900000	-14380.050251
0.400000	0.000000	1.000000	10000000.000000

0.400000	0.100000	0.000000	10000000.000000
0.400000	0.100000	0.100000	10000000.000000
0.400000	0.100000	0.200000	-15430.107954
0.400000	0.100000	0.300000	-15518.806432
0.400000	0.100000	0.400000	-15526.642144
0.400000	0.100000	0.500000	-15497.067654
0.400000	0.100000	0.600000	-15462.372024
0.400000	0.100000	0.700000	-15411.083989
0.400000	0.100000	0.800000	-15301.968592
0.400000	0.100000	0.900000	10000000.000000
0.400000	0.100000	1.000000	10000000.000000

0.400000	0.200000	0.000000	10000000.000000
0.400000	0.200000	0.100000	10000000.000000
0.400000	0.200000	0.200000	-15381.338035
0.400000	0.200000	0.300000	-15491.453959
0.400000	0.200000	0.400000	-15507.336564
0.400000	0.200000	0.500000	-15483.851445
0.400000	0.200000	0.600000	-15448.366382
0.400000	0.200000	0.700000	-15391.253675
0.400000	0.200000	0.800000	-15265.991958
0.400000	0.200000	0.900000	10000000.000000
0.400000	0.200000	1.000000	10000000.000000

0.400000	0.300000	0.000000	10000000.000000
0.400000	0.300000	0.100000	10000000.000000
0.400000	0.300000	0.200000	-15320.551694
0.400000	0.300000	0.300000	-15465.306272
0.400000	0.300000	0.400000	-15487.890283
0.400000	0.300000	0.500000	-15469.520358
0.400000	0.300000	0.600000	-15433.489995
0.400000	0.300000	0.700000	-15371.651260
0.400000	0.300000	0.800000	-15222.342742
0.400000	0.300000	0.900000	10000000.000000
0.400000	0.300000	1.000000	10000000.000000

0.400000	0.400000	0.000000	10000000.000000
0.400000	0.400000	0.100000	10000000.000000
0.400000	0.400000	0.200000	-15241.359966
0.400000	0.400000	0.300000	-15440.266921
0.400000	0.400000	0.400000	-15468.427797
0.400000	0.400000	0.500000	-15454.351512
0.400000	0.400000	0.600000	-15417.968949
0.400000	0.400000	0.700000	-15352.320566
0.400000	0.400000	0.800000	-15166.609609
0.400000	0.400000	0.900000	10000000.000000
0.400000	0.400000	1.000000	10000000.000000

0.400000	0.500000	0.000000	10000000.000000
0.400000	0.500000	0.100000	10000000.000000
0.400000	0.500000	0.200000	-15135.722008
0.400000	0.500000	0.300000	-15416.263279
0.400000	0.500000	0.400000	-15449.065727
0.400000	0.500000	0.500000	-15438.598301
0.400000	0.500000	0.600000	-15402.014642
0.400000	0.500000	0.700000	-15333.314590
0.400000	0.500000	0.800000	-15092.279267
0.400000	0.500000	0.900000	10000000.000000
0.400000	0.500000	1.000000	10000000.000000

0.400000	0.600000	0.000000	10000000.000000
0.400000	0.600000	0.100000	10000000.000000
0.400000	0.600000	0.200000	-14994.670321
0.400000	0.600000	0.300000	-15392.257386
0.400000	0.600000	0.400000	-15429.903529
0.400000	0.600000	0.500000	-15422.477159
0.400000	0.600000	0.600000	-15385.810176
0.400000	0.600000	0.700000	-15313.997643
0.400000	0.600000	0.800000	-14990.524710
0.400000	0.600000	0.900000	10000000.000000
0.400000	0.600000	1.000000	10000000.000000

0.400000	0.700000	0.000000	10000000.000000
0.400000	0.700000	0.100000	10000000.000000
0.400000	0.700000	0.200000	-14808.404679
0.400000	0.700000	0.300000	-15365.410617
0.400000	0.700000	0.400000	-15411.021511
0.400000	0.700000	0.500000	-15406.165865
0.400000	0.700000	0.600000	-15369.507352
0.400000	0.700000	0.700000	-15292.262859
0.400000	0.700000	0.800000	-14850.597031
0.400000	0.700000	0.900000	10000000.000000
0.400000	0.700000	1.000000	10000000.000000

0.400000	0.800000	0.000000	10000000.000000
0.400000	0.800000	0.100000	10000000.000000
0.400000	0.800000	0.200000	-14562.770864
0.400000	0.800000	0.300000	-15334.412403
0.400000	0.800000	0.400000	-15392.481967
0.400000	0.800000	0.500000	-15389.806881
0.400000	0.800000	0.600000	-15353.228587
0.400000	0.800000	0.700000	-15267.128304
0.400000	0.800000	0.800000	-14659.482484
0.400000	0.800000	0.900000	10000000.000000
0.400000	0.800000	1.000000	10000000.000000

0.400000	0.900000	0.000000	10000000.000000
0.400000	0.900000	0.100000	10000000.000000
0.400000	0.900000	0.200000	-14222.176668
0.400000	0.900000	0.300000	-15297.539696
0.400000	0.900000	0.400000	-15374.331467
0.400000	0.900000	0.500000	-15373.512328
0.400000	0.900000	0.600000	-15337.070441
0.400000	0.900000	0.700000	-15237.314872
0.400000	0.900000	0.800000	-14395.568750
0.400000	0.900000	0.900000	10000000.000000
0.400000	0.900000	1.000000	10000000.000000

0.400000	1.000000	0.000000	10000000.000000
0.400000	1.000000	0.100000	10000000.000000
0.400000	1.000000	0.200000	10000000.000000
0.400000	1.000000	0.300000	-15252.399199
0.400000	1.000000	0.400000	-15355.692913
0.400000	1.000000	0.500000	-15357.369057
0.400000	1.000000	0.600000	-15320.371794
0.400000	1.000000	0.700000	-15200.997960
0.400000	1.000000	0.800000	-13987.818688
0.400000	1.000000	0.900000	10000000.000000
0.400000	1.000000	1.000000	10000000.000000

0.500000	0.000000	0.000000	10000000.000000
0.500000	0.000000	0.100000	10000000.000000
0.500000	0.000000	0.200000	-15523.072997
0.500000	0.000000	0.300000	-15632.507301
0.500000	0.000000	0.400000	-15652.419076
0.500000	0.000000	0.500000	-15628.703577
0.500000	0.000000	0.600000	-15587.954209
0.500000	0.000000	0.700000	-15524.172128
0.500000	0.000000	0.800000	-15402.007421
0.500000	0.000000	0.900000	10000000.000000
0.500000	0.000000	1.000000	10000000.000000

0.500000	0.100000	0.000000	10000000.000000
0.500000	0.100000	0.100000	10000000.000000
0.500000	0.100000	0.200000	-15453.886767
0.500000	0.100000	0.300000	-15601.019890
0.500000	0.100000	0.400000	-15627.008953
0.500000	0.100000	0.500000	-15608.265210
0.500000	0.100000	0.600000	-15567.471660
0.500000	0.100000	0.700000	-15499.542868
0.500000	0.100000	0.800000	-15355.159862
0.500000	0.100000	0.900000	10000000.000000
0.500000	0.100000	1.000000	10000000.000000

0.500000	0.200000	0.000000	10000000.000000
0.500000	0.200000	0.100000	10000000.000000
0.500000	0.200000	0.200000	-15360.848324
0.500000	0.200000	0.300000	-15571.108696
0.500000	0.200000	0.400000	-15602.287939
0.500000	0.200000	0.500000	-15587.812579
0.500000	0.200000	0.600000	-15547.072102
0.500000	0.200000	0.700000	-15475.708704
0.500000	0.200000	0.800000	-15294.844955
0.500000	0.200000	0.900000	10000000.000000
0.500000	0.200000	1.000000	10000000.000000

0.500000	0.300000	0.000000	10000000.000000
0.500000	0.300000	0.100000	10000000.000000
0.500000	0.300000	0.200000	-15233.017684
0.500000	0.300000	0.300000	-15542.619313
0.500000	0.300000	0.400000	-15578.207486
0.500000	0.300000	0.500000	-15567.378312
0.500000	0.300000	0.600000	-15526.765310
0.500000	0.300000	0.700000	-15452.588497
0.500000	0.300000	0.800000	-15212.692994
0.500000	0.300000	0.900000	10000000.000000
0.500000	0.300000	1.000000	10000000.000000

0.500000	0.400000	0.000000	10000000.000000
0.500000	0.400000	0.100000	10000000.000000
0.500000	0.400000	0.200000	-15058.198758
0.500000	0.400000	0.300000	-15514.289433
0.500000	0.400000	0.400000	-15554.751551
0.500000	0.400000	0.500000	-15547.031112
0.500000	0.400000	0.600000	-15506.601431
0.500000	0.400000	0.700000	-15429.782900
0.500000	0.400000	0.800000	-15096.914856
0.500000	0.400000	0.900000	10000000.000000
0.500000	0.400000	1.000000	10000000.000000

0.500000	0.500000	0.000000	10000000.000000
0.500000	0.500000	0.100000	10000000.000000
0.500000	0.500000	0.200000	-14822.027549
0.500000	0.500000	0.300000	-15481.981212
0.500000	0.500000	0.400000	-15531.917719
0.500000	0.500000	0.500000	-15526.847922
0.500000	0.500000	0.600000	-15486.643063
0.500000	0.500000	0.700000	-15404.326911
0.500000	0.500000	0.800000	-14932.609182
0.500000	0.500000	0.900000	10000000.000000
0.500000	0.500000	1.000000	10000000.000000

0.500000	0.600000	0.000000	10000000.000000
0.500000	0.600000	0.100000	10000000.000000
0.500000	0.600000	0.200000	-14497.914099
0.500000	0.600000	0.300000	-15443.442288
0.500000	0.600000	0.400000	-15509.707889
0.500000	0.600000	0.500000	-15506.900821
0.500000	0.600000	0.600000	-15466.951450
0.500000	0.600000	0.700000	-15374.379291
0.500000	0.600000	0.800000	-14700.501540
0.500000	0.600000	0.900000	10000000.000000
0.500000	0.600000	1.000000	10000000.000000

0.500000	0.700000	0.000000	10000000.000000
0.500000	0.700000	0.100000	10000000.000000
0.500000	0.700000	0.200000	-13978.059917
0.500000	0.700000	0.300000	-15395.677728
0.500000	0.700000	0.400000	-15488.123157
0.500000	0.700000	0.500000	-15487.251674
0.500000	0.700000	0.600000	-15447.580313
0.500000	0.700000	0.700000	-15337.889491
0.500000	0.700000	0.800000	-14362.212848
0.500000	0.700000	0.900000	10000000.000000
0.500000	0.700000	1.000000	10000000.000000

0.500000	0.800000	0.000000	10000000.000000
0.500000	0.800000	0.100000	10000000.000000
0.500000	0.800000	0.200000	10000000.000000
0.500000	0.800000	0.300000	-15334.518469
0.500000	0.800000	0.400000	-15465.454780
0.500000	0.800000	0.500000	-15467.950587
0.500000	0.800000	0.600000	-15427.483015
0.500000	0.800000	0.700000	-15291.837170
0.500000	0.800000	0.800000	-13662.207891
0.500000	0.800000	0.900000	10000000.000000
0.500000	0.800000	1.000000	10000000.000000

0.500000	0.900000	0.000000	10000000.000000
0.500000	0.900000	0.100000	10000000.000000
0.500000	0.900000	0.200000	10000000.000000
0.500000	0.900000	0.300000	-15254.595230
0.500000	0.900000	0.400000	-15439.417826
0.500000	0.900000	0.500000	-15448.445373
0.500000	0.900000	0.600000	-15404.438566
0.500000	0.900000	0.700000	-15231.915145
0.500000	0.900000	0.800000	10000000.000000
0.500000	0.900000	0.900000	10000000.000000
0.500000	0.900000	1.000000	10000000.000000

0.500000	1.000000	0.000000	10000000.000000
0.500000	1.000000	0.100000	10000000.000000
0.500000	1.000000	0.200000	10000000.000000
0.500000	1.000000	0.300000	-15149.634296
0.500000	1.000000	0.400000	-15408.696952
0.500000	1.000000	0.500000	-15426.420955
0.500000	1.000000	0.600000	-15377.340749
0.500000	1.000000	0.700000	-15152.376877
0.500000	1.000000	0.800000	10000000.000000
0.500000	1.000000	0.900000	10000000.000000
0.500000	1.000000	1.000000	10000000.000000

0.600000	0.000000	0.000000	10000000.000000
0.600000	0.000000	0.100000	10000000.000000
0.600000	0.000000	0.200000	-15490.138880
0.600000	0.000000	0.300000	-15696.876677
0.600000	0.000000	0.400000	-15730.937806
0.600000	0.000000	0.500000	-15717.628849
0.600000	0.000000	0.600000	-15673.931677
0.600000	0.000000	0.700000	-15598.668760
0.600000	0.000000	0.800000	-15433.566493
0.600000	0.000000	0.900000	10000000.000000
0.600000	0.000000	1.000000	10000000.000000

0.600000	0.100000	0.000000	10000000.000000
0.600000	0.100000	0.100000	10000000.000000
0.600000	0.100000	0.200000	-15350.498958
0.600000	0.100000	0.300000	-15664.503913
0.600000	0.100000	0.400000	-15702.400505
0.600000	0.100000	0.500000	-15692.362490
0.600000	0.100000	0.600000	-15649.060588
0.600000	0.100000	0.700000	-15571.435259
0.600000	0.100000	0.800000	-15352.014772
0.600000	0.100000	0.900000	10000000.000000
0.600000	0.100000	1.000000	10000000.000000

0.600000	0.200000	0.000000	10000000.000000
0.600000	0.200000	0.100000	10000000.000000
0.600000	0.200000	0.200000	-15156.772402
0.600000	0.200000	0.300000	-15632.310044
0.600000	0.200000	0.400000	-15674.903514
0.600000	0.200000	0.500000	-15667.735898
0.600000	0.200000	0.600000	-15624.839868
0.600000	0.200000	0.700000	-15545.158221
0.600000	0.200000	0.800000	-15235.910156
0.600000	0.200000	0.900000	10000000.000000
0.600000	0.200000	1.000000	10000000.000000

0.600000	0.300000	0.000000	10000000.000000
0.600000	0.300000	0.100000	10000000.000000
0.600000	0.300000	0.200000	-14891.701231
0.600000	0.300000	0.300000	-15594.841581
0.600000	0.300000	0.400000	-15648.365908
0.600000	0.300000	0.500000	-15643.697880
0.600000	0.300000	0.600000	-15601.208817
0.600000	0.300000	0.700000	-15516.624736
0.600000	0.300000	0.800000	-15068.162307
0.600000	0.300000	0.900000	10000000.000000
0.600000	0.300000	1.000000	10000000.000000

0.600000	0.400000	0.000000	10000000.000000
0.600000	0.400000	0.100000	10000000.000000
0.600000	0.400000	0.200000	-14520.235987
0.600000	0.400000	0.300000	-15548.758547
0.600000	0.400000	0.400000	-15622.729902
0.600000	0.400000	0.500000	-15620.229488
0.600000	0.400000	0.600000	-15578.142636
0.600000	0.400000	0.700000	-15482.700652
0.600000	0.400000	0.800000	10000000.000000
0.600000	0.400000	0.900000	10000000.000000
0.600000	0.400000	1.000000	10000000.000000

0.600000	0.500000	0.000000	10000000.000000
0.600000	0.500000	0.100000	10000000.000000
0.600000	0.500000	0.200000	-13852.932324
0.600000	0.500000	0.300000	-15489.600508
0.600000	0.500000	0.400000	-15597.904319
0.600000	0.500000	0.500000	-15597.326799
0.600000	0.500000	0.600000	-15555.634215
0.600000	0.500000	0.700000	-15440.561925
0.600000	0.500000	0.800000	-14469.291500
0.600000	0.500000	0.900000	10000000.000000
0.600000	0.500000	1.000000	10000000.000000

0.600000	0.600000	0.000000	10000000.000000
0.600000	0.600000	0.100000	10000000.000000
0.600000	0.600000	0.200000	10000000.000000
0.600000	0.600000	0.300000	-15411.304449
0.600000	0.600000	0.400000	-15571.054751
0.600000	0.600000	0.500000	-15574.991803
0.600000	0.600000	0.600000	-15532.218368
0.600000	0.600000	0.700000	-15385.981195
0.600000	0.600000	0.800000	10000000.000000
0.600000	0.600000	0.900000	10000000.000000
0.600000	0.600000	1.000000	10000000.000000

0.600000	0.700000	0.000000	10000000.000000
0.600000	0.700000	0.100000	10000000.000000
0.600000	0.700000	0.200000	10000000.000000
0.600000	0.700000	0.300000	-15306.403038
0.600000	0.700000	0.400000	-15539.378368
0.600000	0.700000	0.500000	-15552.043214
0.600000	0.700000	0.600000	-15504.876002
0.600000	0.700000	0.700000	-15312.910262
0.600000	0.700000	0.800000	10000000.000000
0.600000	0.700000	0.900000	10000000.000000
0.600000	0.700000	1.000000	10000000.000000

0.600000	0.800000	0.000000	10000000.000000
0.600000	0.800000	0.100000	10000000.000000
0.600000	0.800000	0.200000	10000000.000000
0.600000	0.800000	0.300000	-15166.533669
0.600000	0.800000	0.400000	-15500.704004
0.600000	0.800000	0.500000	-15525.434081
0.600000	0.800000	0.600000	-15471.879457
0.600000	0.800000	0.700000	-15213.369870
0.600000	0.800000	0.800000	10000000.000000
0.600000	0.800000	0.900000	10000000.000000
0.600000	0.800000	1.000000	10000000.000000

0.600000	0.900000	0.000000	10000000.000000
0.600000	0.900000	0.100000	10000000.000000
0.600000	0.900000	0.200000	10000000.000000
0.600000	0.900000	0.300000	-14982.332156
0.600000	0.900000	0.400000	-15451.944659
0.600000	0.900000	0.500000	-15493.561496
0.600000	0.900000	0.600000	-15430.749068
0.600000	0.900000	0.700000	-15077.748953
0.600000	0.900000	0.800000	10000000.000000
0.600000	0.900000	0.900000	10000000.000000
0.600000	0.900000	1.000000	10000000.000000

0.600000	1.000000	0.000000	10000000.000000
0.600000	1.000000	0.100000	10000000.000000
0.600000	1.000000	0.200000	10000000.000000
0.600000	1.000000	0.300000	-14740.254562
0.600000	1.000000	0.400000	-15388.925717
0.600000	1.000000	0.500000	-15454.216869
0.600000	1.000000	0.600000	-15377.972607
0.600000	1.000000	0.700000	-14894.600471
0.600000	1.000000	0.800000	10000000.000000
0.600000	1.000000	0.900000	10000000.000000
0.600000	1.000000	1.000000	10000000.000000

0.700000	0.000000	0.000000	10000000.000000
0.700000	0.000000	0.100000	10000000.000000
0.700000	0.000000	0.200000	-15267.191891
0.700000	0.000000	0.300000	-15741.537854
0.700000	0.000000	0.400000	-15785.995032
0.700000	0.000000	0.500000	-15780.444798
0.700000	0.000000	0.600000	-15737.069490
0.700000	0.000000	0.700000	-15657.078836
0.700000	0.000000	0.800000	-15383.399827
0.700000	0.000000	0.900000	10000000.000000
0.700000	0.000000	1.000000	10000000.000000

0.700000	0.100000	0.000000	10000000.000000
0.700000	0.100000	0.100000	10000000.000000
0.700000	0.100000	0.200000	-14988.776547
0.700000	0.100000	0.300000	-15698.435793
0.700000	0.100000	0.400000	-15756.492366
0.700000	0.100000	0.500000	-15753.067970
0.700000	0.100000	0.600000	-15710.133337
0.700000	0.100000	0.700000	-15625.646376
0.700000	0.100000	0.800000	-15224.199097
0.700000	0.100000	0.900000	10000000.000000
0.700000	0.100000	1.000000	10000000.000000

0.700000	0.200000	0.000000	10000000.000000
0.700000	0.200000	0.100000	10000000.000000
0.700000	0.200000	0.200000	-14597.876452
0.700000	0.200000	0.300000	-15643.781907
0.700000	0.200000	0.400000	-15728.056763
0.700000	0.200000	0.500000	-15726.528035
0.700000	0.200000	0.600000	-15684.027785
0.700000	0.200000	0.700000	-15587.971847
0.700000	0.200000	0.800000	-14993.296905
0.700000	0.200000	0.900000	10000000.000000
0.700000	0.200000	1.000000	10000000.000000

0.700000	0.300000	0.000000	10000000.000000
0.700000	0.300000	0.100000	10000000.000000
0.700000	0.300000	0.200000	10000000.000000
0.700000	0.300000	0.300000	-15571.559065
0.700000	0.300000	0.400000	-15700.153980
0.700000	0.300000	0.500000	-15700.774822
0.700000	0.300000	0.600000	-15658.693299
0.700000	0.300000	0.700000	-15540.461293
0.700000	0.300000	0.800000	-14654.249109
0.700000	0.300000	0.900000	10000000.000000
0.700000	0.300000	1.000000	10000000.000000

0.700000	0.400000	0.000000	10000000.000000
0.700000	0.400000	0.100000	10000000.000000
0.700000	0.400000	0.200000	10000000.000000
0.700000	0.400000	0.300000	-15473.935162
0.700000	0.400000	0.400000	-15668.352954
0.700000	0.400000	0.500000	-15675.758668
0.700000	0.400000	0.600000	-15631.657047
0.700000	0.400000	0.700000	-15477.736091
0.700000	0.400000	0.800000	-14061.002042
0.700000	0.400000	0.900000	10000000.000000
0.700000	0.400000	1.000000	10000000.000000

0.700000	0.500000	0.000000	10000000.000000
0.700000	0.500000	0.100000	10000000.000000
0.700000	0.500000	0.200000	10000000.000000
0.700000	0.500000	0.300000	-15341.743516
0.700000	0.500000	0.400000	-15629.626302
0.700000	0.500000	0.500000	-15648.750237
0.700000	0.500000	0.600000	-15599.397264
0.700000	0.500000	0.700000	-15392.180827
0.700000	0.500000	0.800000	10000000.000000
0.700000	0.500000	0.900000	10000000.000000
0.700000	0.500000	1.000000	10000000.000000

0.700000	0.600000	0.000000	10000000.000000
0.700000	0.600000	0.100000	10000000.000000
0.700000	0.600000	0.200000	10000000.000000
0.700000	0.600000	0.300000	-15164.930095
0.700000	0.600000	0.400000	-15580.627376
0.700000	0.600000	0.500000	-15616.502062
0.700000	0.600000	0.600000	-15559.391615
0.700000	0.600000	0.700000	-15273.918431
0.700000	0.600000	0.800000	10000000.000000
0.700000	0.600000	0.900000	10000000.000000
0.700000	0.600000	1.000000	10000000.000000

0.700000	0.700000	0.000000	10000000.000000
0.700000	0.700000	0.100000	10000000.000000
0.700000	0.700000	0.200000	10000000.000000
0.700000	0.700000	0.300000	-14930.874773
0.700000	0.700000	0.400000	-15516.716754
0.700000	0.700000	0.500000	-15576.594482
0.700000	0.700000	0.600000	-15507.972910
0.700000	0.700000	0.700000	-15111.116835
0.700000	0.700000	0.800000	10000000.000000
0.700000	0.700000	0.900000	10000000.000000
0.700000	0.700000	1.000000	10000000.000000

0.700000	0.800000	0.000000	10000000.000000
0.700000	0.800000	0.100000	10000000.000000
0.700000	0.800000	0.200000	10000000.000000
0.700000	0.800000	0.300000	10000000.000000
0.700000	0.800000	0.400000	-15431.923759
0.700000	0.800000	0.500000	-15525.576693
0.700000	0.800000	0.600000	-15440.045344
0.700000	0.800000	0.700000	-14888.720690
0.700000	0.800000	0.800000	10000000.000000
0.700000	0.800000	0.900000	10000000.000000
0.700000	0.800000	1.000000	10000000.000000

0.700000	0.900000	0.000000	10000000.000000
0.700000	0.900000	0.100000	10000000.000000
0.700000	0.900000	0.200000	10000000.000000
0.700000	0.900000	0.300000	-14121.852586
0.700000	0.900000	0.400000	-15319.223937
0.700000	0.900000	0.500000	-15458.767003
0.700000	0.900000	0.600000	-15349.026053
0.700000	0.900000	0.700000	10000000.000000
0.700000	0.900000	0.800000	10000000.000000
0.700000	0.900000	0.900000	10000000.000000
0.700000	0.900000	1.000000	10000000.000000

0.700000	1.000000	0.000000	10000000.000000
0.700000	1.000000	0.100000	10000000.000000
0.700000	1.000000	0.200000	10000000.000000
0.700000	1.000000	0.300000	10000000.000000
0.700000	1.000000	0.400000	-15170.866835
0.700000	1.000000	0.500000	-15370.268305
0.700000	1.000000	0.600000	-15227.102623
0.700000	1.000000	0.700000	-14064.955037
0.700000	1.000000	0.800000	10000000.000000
0.700000	1.000000	0.900000	10000000.000000
0.700000	1.000000	1.000000	10000000.000000

0.800000	0.000000	0.000000	10000000.000000
0.800000	0.000000	0.100000	10000000.000000
0.800000	0.000000	0.200000	10000000.000000
0.800000	0.000000	0.300000	-15719.381359
0.800000	0.000000	0.400000	-15821.882228
0.800000	0.000000	0.500000	-15821.785730
0.800000	0.000000	0.600000	-15780.956771
0.800000	0.000000	0.700000	-15684.745690
0.800000	0.000000	0.800000	-15156.513352
0.800000	0.000000	0.900000	10000000.000000
0.800000	0.000000	1.000000	10000000.000000

0.800000	0.100000	0.000000	10000000.000000
0.800000	0.100000	0.100000	10000000.000000
0.800000	0.100000	0.200000	-13986.034498
0.800000	0.100000	0.300000	-15630.092834
0.800000	0.100000	0.400000	-15789.779289
0.800000	0.100000	0.500000	-15793.993701
0.800000	0.100000	0.600000	-15753.069256
0.800000	0.100000	0.700000	-15630.753068
0.800000	0.100000	0.800000	-14844.778953
0.800000	0.100000	0.900000	10000000.000000
0.800000	0.100000	1.000000	10000000.000000

0.800000	0.200000	0.000000	10000000.000000
0.800000	0.200000	0.100000	10000000.000000
0.800000	0.200000	0.200000	10000000.000000
0.800000	0.200000	0.300000	-15508.390488
0.800000	0.200000	0.400000	-15750.896360
0.800000	0.200000	0.500000	-15766.044567
0.800000	0.200000	0.600000	-15721.272063
0.800000	0.200000	0.700000	-15558.402351
0.800000	0.200000	0.800000	10000000.000000
0.800000	0.200000	0.900000	10000000.000000
0.800000	0.200000	1.000000	10000000.000000

0.800000	0.300000	0.000000	10000000.000000
0.800000	0.300000	0.100000	10000000.000000
0.800000	0.300000	0.200000	10000000.000000
0.800000	0.300000	0.300000	-15343.981610
0.800000	0.300000	0.400000	-15701.740942
0.800000	0.300000	0.500000	-15733.272185
0.800000	0.300000	0.600000	-15682.284480
0.800000	0.300000	0.700000	-15458.678873
0.800000	0.300000	0.800000	10000000.000000
0.800000	0.300000	0.900000	10000000.000000
0.800000	0.300000	1.000000	10000000.000000

0.800000	0.400000	0.000000	10000000.000000
0.800000	0.400000	0.100000	10000000.000000
0.800000	0.400000	0.200000	10000000.000000
0.800000	0.400000	0.300000	10000000.000000
0.800000	0.400000	0.400000	-15637.413782
0.800000	0.400000	0.500000	-15692.766134
0.800000	0.400000	0.600000	-15632.459624
0.800000	0.400000	0.700000	-15320.192452
0.800000	0.400000	0.800000	10000000.000000
0.800000	0.400000	0.900000	10000000.000000
0.800000	0.400000	1.000000	10000000.000000

0.800000	0.500000	0.000000	10000000.000000
0.800000	0.500000	0.100000	10000000.000000
0.800000	0.500000	0.200000	10000000.000000
0.800000	0.500000	0.300000	-14833.619502
0.800000	0.500000	0.400000	-15551.509564
0.800000	0.500000	0.500000	-15640.824732
0.800000	0.500000	0.600000	-15566.630192
0.800000	0.500000	0.700000	-15129.280561
0.800000	0.500000	0.800000	10000000.000000
0.800000	0.500000	0.900000	10000000.000000
0.800000	0.500000	1.000000	10000000.000000

0.800000	0.600000	0.000000	10000000.000000
0.800000	0.600000	0.100000	10000000.000000
0.800000	0.600000	0.200000	10000000.000000
0.800000	0.600000	0.300000	-14416.739514
0.800000	0.600000	0.400000	-15436.375516
0.800000	0.600000	0.500000	-15572.366735
0.800000	0.600000	0.600000	-15477.930798
0.800000	0.600000	0.700000	-14866.706092
0.800000	0.600000	0.800000	10000000.000000
0.800000	0.600000	0.900000	10000000.000000
0.800000	0.600000	1.000000	10000000.000000

0.800000	0.700000	0.000000	10000000.000000
0.800000	0.700000	0.100000	10000000.000000
0.800000	0.700000	0.200000	10000000.000000
0.800000	0.700000	0.300000	10000000.000000
0.800000	0.700000	0.400000	-15283.534424
0.800000	0.700000	0.500000	-15480.901887
0.800000	0.700000	0.600000	-15357.974416
0.800000	0.700000	0.700000	10000000.000000
0.800000	0.700000	0.800000	10000000.000000
0.800000	0.700000	0.900000	10000000.000000
0.800000	0.700000	1.000000	10000000.000000

0.800000	0.800000	0.000000	10000000.000000
0.800000	0.800000	0.100000	10000000.000000
0.800000	0.800000	0.200000	10000000.000000
0.800000	0.800000	0.300000	10000000.000000
0.800000	0.800000	0.400000	-15083.139787
0.800000	0.800000	0.500000	-15358.814742
0.800000	0.800000	0.600000	-15197.128425
0.800000	0.800000	0.700000	10000000.000000
0.800000	0.800000	0.800000	10000000.000000
0.800000	0.800000	0.900000	10000000.000000
0.800000	0.800000	1.000000	10000000.000000

0.800000	0.900000	0.000000	10000000.000000
0.800000	0.900000	0.100000	10000000.000000
0.800000	0.900000	0.200000	10000000.000000
0.800000	0.900000	0.300000	10000000.000000
0.800000	0.900000	0.400000	-14819.520041
0.800000	0.900000	0.500000	10000000.000000
0.800000	0.900000	0.600000	-14983.328288
0.800000	0.900000	0.700000	10000000.000000
0.800000	0.900000	0.800000	10000000.000000
0.800000	0.900000	0.900000	10000000.000000
0.800000	0.900000	1.000000	10000000.000000

0.800000	1.000000	0.000000	10000000.000000
0.800000	1.000000	0.100000	10000000.000000
0.800000	1.000000	0.200000	10000000.000000
0.800000	1.000000	0.300000	10000000.000000
0.800000	1.000000	0.400000	-14451.436925
0.800000	1.000000	0.500000	-14986.532260
0.800000	1.000000	0.600000	-14694.679396
0.800000	1.000000	0.700000	10000000.000000
0.800000	1.000000	0.800000	10000000.000000
0.800000	1.000000	0.900000	10000000.000000
0.800000	1.000000	1.000000	10000000.000000

0.900000	0.000000	0.000000	10000000.000000
0.900000	0.000000	0.100000	10000000.000000
0.900000	0.000000	0.200000	10000000.000000
0.900000	0.000000	0.300000	-15494.683219
0.900000	0.000000	0.400000	-15807.717785
0.900000	0.000000	0.500000	-15838.852992
0.900000	0.000000	0.600000	-15793.775998
0.900000	0.000000	0.700000	-15616.035869
0.900000	0.000000	0.800000	-14560.908511
0.900000	0.000000	0.900000	10000000.000000
0.900000	0.000000	1.000000	10000000.000000

0.900000	0.100000	0.000000	10000000.000000
0.900000	0.100000	0.100000	10000000.000000
0.900000	0.100000	0.200000	10000000.000000
0.900000	0.100000	0.300000	-15289.850387
0.900000	0.100000	0.400000	-15741.183857
0.900000	0.100000	0.500000	-15796.468966
0.900000	0.100000	0.600000	-15744.006234
0.900000	0.100000	0.700000	-15497.284072
0.900000	0.100000	0.800000	10000000.000000
0.900000	0.100000	0.900000	10000000.000000
0.900000	0.100000	1.000000	10000000.000000

0.900000	0.200000	0.000000	10000000.000000
0.900000	0.200000	0.100000	10000000.000000
0.900000	0.200000	0.200000	10000000.000000
0.900000	0.200000	0.300000	-15019.008142
0.900000	0.200000	0.400000	-15652.187405
0.900000	0.200000	0.500000	-15741.982290
0.900000	0.200000	0.600000	-15678.513551
0.900000	0.200000	0.700000	-15333.229778
0.900000	0.200000	0.800000	10000000.000000
0.900000	0.200000	0.900000	10000000.000000
0.900000	0.200000	1.000000	10000000.000000

0.900000	0.300000	0.000000	10000000.000000
0.900000	0.300000	0.100000	10000000.000000
0.900000	0.300000	0.200000	10000000.000000
0.900000	0.300000	0.300000	-14648.006942
0.900000	0.300000	0.400000	-15532.724040
0.900000	0.300000	0.500000	-15669.947373
0.900000	0.300000	0.600000	-15590.354449
0.900000	0.300000	0.700000	-15108.350605
0.900000	0.300000	0.800000	10000000.000000
0.900000	0.300000	0.900000	10000000.000000
0.900000	0.300000	1.000000	10000000.000000

0.900000	0.400000	0.000000	10000000.000000
0.900000	0.400000	0.100000	10000000.000000
0.900000	0.400000	0.200000	10000000.000000
0.900000	0.400000	0.300000	-14002.269713
0.900000	0.400000	0.400000	-15373.961527
0.900000	0.400000	0.500000	-15573.424962
0.900000	0.400000	0.600000	-15470.923730
0.900000	0.400000	0.700000	-14796.457367
0.900000	0.400000	0.800000	10000000.000000
0.900000	0.400000	0.900000	10000000.000000
0.900000	0.400000	1.000000	10000000.000000

0.900000	0.500000	0.000000	10000000.000000
0.900000	0.500000	0.100000	10000000.000000
0.900000	0.500000	0.200000	10000000.000000
0.900000	0.500000	0.300000	10000000.000000
0.900000	0.500000	0.400000	-15165.706946
0.900000	0.500000	0.500000	-15444.290565
0.900000	0.500000	0.600000	-15310.275546
0.900000	0.500000	0.700000	-14310.664513
0.900000	0.500000	0.800000	10000000.000000
0.900000	0.500000	0.900000	10000000.000000
0.900000	0.500000	1.000000	10000000.000000

0.900000	0.600000	0.000000	10000000.000000
0.900000	0.600000	0.100000	10000000.000000
0.900000	0.600000	0.200000	10000000.000000
0.900000	0.600000	0.300000	10000000.000000
0.900000	0.600000	0.400000	-14891.727213
0.900000	0.600000	0.500000	-15273.464952
0.900000	0.600000	0.600000	-15096.287279
0.900000	0.600000	0.700000	10000000.000000
0.900000	0.600000	0.800000	10000000.000000
0.900000	0.600000	0.900000	10000000.000000
0.900000	0.600000	1.000000	10000000.000000

0.900000	0.700000	0.000000	10000000.000000
0.900000	0.700000	0.100000	10000000.000000
0.900000	0.700000	0.200000	10000000.000000
0.900000	0.700000	0.300000	10000000.000000
0.900000	0.700000	0.400000	-14509.052468
0.900000	0.700000	0.500000	-15049.387255
0.900000	0.700000	0.600000	-14808.330101
0.900000	0.700000	0.700000	10000000.000000
0.900000	0.700000	0.800000	10000000.000000
0.900000	0.700000	0.900000	10000000.000000
0.900000	0.700000	1.000000	10000000.000000

0.900000	0.800000	0.000000	10000000.000000
0.900000	0.800000	0.100000	10000000.000000
0.900000	0.800000	0.200000	10000000.000000
0.900000	0.800000	0.300000	10000000.000000
0.900000	0.800000	0.400000	10000000.000000
0.900000	0.800000	0.500000	-14750.140509
0.900000	0.800000	0.600000	-14384.103327
0.900000	0.800000	0.700000	10000000.000000
0.900000	0.800000	0.800000	10000000.000000
0.900000	0.800000	0.900000	10000000.000000
0.900000	0.800000	1.000000	10000000.000000

0.900000	0.900000	0.000000	10000000.000000
0.900000	0.900000	0.100000	10000000.000000
0.900000	0.900000	0.200000	10000000.000000
0.900000	0.900000	0.300000	10000000.000000
0.900000	0.900000	0.400000	10000000.000000
0.900000	0.900000	0.500000	-14302.092267
0.900000	0.900000	0.600000	10000000.000000
0.900000	0.900000	0.700000	10000000.000000
0.900000	0.900000	0.800000	10000000.000000
0.900000	0.900000	0.900000	10000000.000000
0.900000	0.900000	1.000000	10000000.000000

0.900000	1.000000	0.000000	10000000.000000
0.900000	1.000000	0.100000	10000000.000000
0.900000	1.000000	0.200000	10000000.000000
0.900000	1.000000	0.300000	10000000.000000
0.900000	1.000000	0.400000	10000000.000000
0.900000	1.000000	0.500000	10000000.000000
0.900000	1.000000	0.600000	10000000.000000
0.900000	1.000000	0.700000	10000000.000000
0.900000	1.000000	0.800000	10000000.000000
0.900000	1.000000	0.900000	10000000.000000
0.900000	1.000000	1.000000	10000000.000000

1.000000	0.000000	0.000000	10000000.000000
1.000000	0.000000	0.100000	10000000.000000
1.000000	0.000000	0.200000	10000000.000000
1.000000	0.000000	0.300000	-14801.430534
1.000000	0.000000	0.400000	-15590.888840
1.000000	0.000000	0.500000	10000000.000000
1.000000	0.000000	0.600000	-15673.661169
1.000000	0.000000	0.700000	-15286.358426
1.000000	0.000000	0.800000	10000000.000000
1.000000	0.000000	0.900000	10000000.000000
1.000000	0.000000	1.000000	10000000.000000

1.000000	0.100000	0.000000	10000000.000000
1.000000	0.100000	0.100000	10000000.000000
1.000000	0.100000	0.200000	10000000.000000
1.000000	0.100000	0.300000	-14268.046123
1.000000	0.100000	0.400000	-15421.120217
1.000000	0.100000	0.500000	-15632.505486
1.000000	0.100000	0.600000	-15549.888060
1.000000	0.100000	0.700000	-15015.276116
1.000000	0.100000	0.800000	10000000.000000
1.000000	0.100000	0.900000	10000000.000000
1.000000	0.100000	1.000000	10000000.000000

1.000000	0.200000	0.000000	10000000.000000
1.000000	0.200000	0.100000	10000000.000000
1.000000	0.200000	0.200000	10000000.000000
1.000000	0.200000	0.300000	10000000.000000
1.000000	0.200000	0.400000	10000000.000000
1.000000	0.200000	0.500000	-15490.753113
1.000000	0.200000	0.600000	-15384.247106
1.000000	0.200000	0.700000	-14627.557886
1.000000	0.200000	0.800000	10000000.000000
1.000000	0.200000	0.900000	10000000.000000
1.000000	0.200000	1.000000	10000000.000000

1.000000	0.300000	0.000000	10000000.000000
1.000000	0.300000	0.100000	10000000.000000
1.000000	0.300000	0.200000	10000000.000000
1.000000	0.300000	0.300000	10000000.000000
1.000000	0.300000	0.400000	-14908.282550
1.000000	0.300000	0.500000	-15304.358845
1.000000	0.300000	0.600000	-15164.479043
1.000000	0.300000	0.700000	10000000.000000
1.000000	0.300000	0.800000	10000000.000000
1.000000	0.300000	0.900000	10000000.000000
1.000000	0.300000	1.000000	10000000.000000

1.000000	0.400000	0.000000	10000000.000000
1.000000	0.400000	0.100000	10000000.000000
1.000000	0.400000	0.200000	10000000.000000
1.000000	0.400000	0.300000	10000000.000000
1.000000	0.400000	0.400000	-14495.261609
1.000000	0.400000	0.500000	-15060.384023
1.000000	0.400000	0.600000	-14869.534416
1.000000	0.400000	0.700000	10000000.000000
1.000000	0.400000	0.800000	10000000.000000
1.000000	0.400000	0.900000	10000000.000000
1.000000	0.400000	1.000000	10000000.000000

1.000000	0.500000	0.000000	10000000.000000
1.000000	0.500000	0.100000	10000000.000000
1.000000	0.500000	0.200000	10000000.000000
1.000000	0.500000	0.300000	10000000.000000
1.000000	0.500000	0.400000	10000000.000000
1.000000	0.500000	0.500000	-14731.487002
1.000000	0.500000	0.600000	-14436.237807
1.000000	0.500000	0.700000	10000000.000000
1.000000	0.500000	0.800000	10000000.000000
1.000000	0.500000	0.900000	10000000.000000
1.000000	0.500000	1.000000	10000000.000000

1.000000	0.600000	0.000000	10000000.000000
1.000000	0.600000	0.100000	10000000.000000
1.000000	0.600000	0.200000	10000000.000000
1.000000	0.600000	0.300000	10000000.000000
1.000000	0.600000	0.400000	10000000.000000
1.000000	0.600000	0.500000	-14208.357642
1.000000	0.600000	0.600000	10000000.000000
1.000000	0.600000	0.700000	10000000.000000
1.000000	0.600000	0.800000	10000000.000000
1.000000	0.600000	0.900000	10000000.000000
1.000000	0.600000	1.000000	10000000.000000

1.000000	0.700000	0.000000	10000000.000000
1.000000	0.700000	0.100000	10000000.000000
1.000000	0.700000	0.200000	10000000.000000
1.000000	0.700000	0.300000	10000000.000000
1.000000	0.700000	0.400000	10000000.000000
1.000000	0.700000	0.500000	10000000.000000
1.000000	0.700000	0.600000	10000000.000000
1.000000	0.700000	0.700000	10000000.000000
1.000000	0.700000	0.800000	10000000.000000
1.000000	0.700000	0.900000	10000000.000000
1.000000	0.700000	1.000000	10000000.000000

1.000000	0.800000	0.000000	10000000.000000
1.000000	0.800000	0.100000	10000000.000000
1.000000	0.800000	0.200000	10000000.000000
1.000000	0.800000	0.300000	10000000.000000
1.000000	0.800000	0.400000	10000000.000000
1.000000	0.800000	0.500000	10000000.000000
1.000000	0.800000	0.600000	10000000.000000
1.000000	0.800000	0.700000	10000000.000000
1.000000	0.800000	0.800000	10000000.000000
1.000000	0.800000	0.900000	10000000.000000
1.000000	0.800000	1.000000	10000000.000000

1.000000	0.900000	0.000000	10000000.000000
1.000000	0.900000	0.100000	10000000.000000
1.000000	0.900000	0.200000	10000000.000000
1.000000	0.900000	0.300000	10000000.000000
1.000000	0.900000	0.400000	10000000.000000
1.000000	0.900000	0.500000	10000000.000000
1.000000	0.900000	0.600000	10000000.000000
1.000000	0.900000	0.700000	10000000.000000
1.000000	0.900000	0.800000	10000000.000000
1.000000	0.900000	0.900000	10000000.000000
1.000000	0.900000	1.000000	10000000.000000

1.000000	1.000000	0.000000	10000000.000000
1.000000	1.000000	0.100000	10000000.000000
1.000000	1.000000	0.200000	10000000.000000
1.000000	1.000000	0.300000	10000000.000000
1.000000	1.000000	0.400000	10000000.000000
1.000000	1.000000	0.500000	10000000.000000
1.000000	1.000000	0.600000	10000000.000000
1.000000	1.000000	0.700000	10000000.000000
1.000000	1.000000	0.800000	10000000.000000
1.000000	1.000000	0.900000	10000000.000000
1.000000	1.000000	1.000000	10000000.000000

