0.300000	660.300000	644.196197	1540.700000	1435.255132	14854.886031
0.310000	682.310000	891.770804
0.320000	704.320000	623.829904	1496.680000	1373.323085	15444.531566
0.330000	726.330000	616.224491	1474.670000	1336.100057	15645.164519
0.340000	748.340000	890.837092
0.350000	770.350000	611.838512	1430.650000	1846.445545
0.360000	792.360000	614.063363	1408.640000	1230.913849	15253.472253
0.370000	814.370000	1528.787842
0.380000	836.380000	623.094546	1364.620000	1759.568688
0.390000	858.390000	900.101854
0.400000	880.400000	637.613524	1320.600000	1703.387392
0.410000	902.410000	2987.764361
0.420000	924.420000	2666.914898
0.430000	946.430000	935.144116	1254.570000	948.556282	14492.409890
0.440000	968.440000	684.720519	1232.560000	3375.442865
0.450000	990.450000	963.049211	1210.550000	2728.440628
0.460000	1012.460000	1208.061783
0.470000	1034.470000	734.670935	1166.530000	1643.572529
0.480000	1056.480000	1241.689950
0.490000	1078.490000	771.642172	1122.510000	1584.714943
