-15152.0302188376
-15168.0537722072
-15280.5374200797
-15337.3921621346
-15410.1212228496
-15515.4486639413
-15531.5916967874
-15583.8698471868
-15602.9025237107
-15643.5909587683
-15727.2227527178
-15810.8224195286
-15810.8224195286
-15810.8224195286
-15810.8224195286
-15810.8224195286
-15817.6594785424
-15817.6594785424
-15828.0102931833
-15828.0102931833
-15828.0102931833
-15828.0102931833
-15828.0102931833
-15828.0102931833
-15828.0102931833
-15828.0102931833
-15828.0102931833
-15828.0418102023
-15828.90759532
-15828.90759532
-15828.90759532
-15828.90759532
-15831.8510599896
-15837.1201628019
-15838.2019306984
-15839.9761903692
-15839.9761903692
-15839.9761903692
-15839.9761903692
-15839.9761903692
-15840.7654461557
-15840.7654461557
-15840.7654461557
-15840.7654461557
-15840.7654461557
-15841.1313165291
-15841.1313165291
-15841.1313165291
-15841.1313165291
-15841.1313165291
-15841.1313165291
-15841.1313165291
-15841.2688680381
-15841.2688680381
-15841.2688680381
-15841.2688680381
-15841.3398617558
-15841.6827583932
-15841.8046811762
-15841.9376372593
-15841.9376372593
-15841.9376372593
-15841.9376372593
-15841.9376372593
-15841.9376372593
-15841.9736058027
-15842.1440063284
-15842.1742140811
-15842.1742140811
-15842.1742140811
-15842.1742140811
-15842.1810936891
-15842.1855630577
-15842.1872305921
-15842.1879011848
-15842.1881967302
-15842.1883399943
-15842.1884144179
-15842.1884453931
-15842.1884579157
-15842.1884716135
-15842.1884729146
-15842.1884756319
-15842.1884756319
-15842.188484341
-15842.188484341
-15842.188484341
-15842.188484341
-15842.1884904038
-15842.1884904038
-15842.1884904038
-15842.1884904038
-15842.1884904038
-15842.1884904038
-15842.1884904038
-15842.1884904038
-15842.1884904038
-15842.1884904038
-15842.1884904038
-15842.1884904038